age,sex,cp,restecg,exng,slp,caa,thall,oldpeak_sqrt,thalachh_boxcox,chol_boxcox,trtbps_boxcox,output
0.5925925925925926,0.0,1.0,-1.0,0.0,-1.0,0.0,-1.0,0.49185109964163226,-0.093595828648342,-0.11271618955177176,0.6803714376683055,1
-1.3333333333333333,0.0,0.5,0.0,0.0,-1.0,0.0,0.0,0.7719131645883565,1.2242577992286423,0.1548682017138179,0.0,1
-1.037037037037037,-1.0,0.0,-1.0,0.0,1.0,0.0,0.0,0.22830756550693782,0.6467062700176827,-0.6232383265598803,0.0,1
0.07407407407407407,0.0,0.0,0.0,0.0,1.0,0.0,0.0,0.0,0.8705508772990954,-0.06395677641165061,-0.5326466807652932,1
0.14814814814814814,-1.0,-0.5,0.0,1.0,1.0,0.0,0.0,-0.09473434549075296,0.32868353113514615,1.447655509334594,-0.5326466807652932,1
0.14814814814814814,0.0,-0.5,0.0,0.0,0.0,0.0,-1.0,-0.2071067811865475,-0.1547186445415622,-0.8584870391240957,0.46735331923470685,1
0.07407407407407407,-1.0,0.0,-1.0,0.0,0.0,0.0,0.0,0.19428103767944988,0.0,0.7633374144341794,0.46735331923470685,1
-0.8148148148148148,0.0,0.0,0.0,0.0,1.0,0.0,1.0,-0.7071067811865475,0.68335344465635,0.34625510243445023,-0.5326466807652932,1
-0.2222222222222222,0.0,0.5,0.0,0.0,1.0,0.0,1.0,-0.14808978681160004,0.2946521135756999,-0.7193488983540506,1.6457482259258867,1
0.14814814814814814,0.0,0.5,0.0,0.0,1.0,0.0,0.0,0.29289321881345254,0.7202642382755338,-1.3820034967021317,0.8812781207847747,1
-0.07407407407407407,0.0,-0.5,0.0,0.0,1.0,0.0,0.0,0.15891862259789108,0.22736737810583488,-0.01587807391504919,0.46735331923470685,1
-0.5185185185185185,-1.0,0.5,0.0,0.0,1.0,0.0,0.0,-0.35355339059327373,-0.4172501075429677,0.5138542664129342,0.0,1
-0.4444444444444444,0.0,0.0,0.0,0.0,1.0,0.0,0.0,-0.09473434549075296,0.6103223478277093,0.3889362482792059,0.0,1
0.6666666666666666,0.0,1.0,-1.0,1.0,0.0,0.0,0.0,0.3535533905932738,-0.2739204769802361,-0.4929731456559198,-1.1463882316464475,1
0.2222222222222222,-1.0,1.0,-1.0,0.0,1.0,0.0,0.0,0.08346263385554732,0.2946521135756999,0.6211544108575422,0.8812781207847747,1
-0.37037037037037035,-1.0,0.5,0.0,0.0,0.0,0.0,0.0,0.29289321881345254,0.1611175306675461,-0.34982790468170144,-0.5326466807652932,1
0.2222222222222222,-1.0,0.5,0.0,0.0,1.0,0.0,0.0,-0.7071067811865475,0.6467062700176827,1.3001143452713386,-0.5326466807652932,1
0.8148148148148148,-1.0,1.0,0.0,0.0,-1.0,0.0,0.0,0.5676480972116488,-1.0412199970378746,-0.22924121528563757,0.8812781207847747,1
-0.8888888888888888,0.0,-0.5,0.0,0.0,1.0,0.0,0.0,0.2611390553653066,0.6103223478277093,0.10913763490769944,0.8812781207847747,1
1.037037037037037,-1.0,1.0,0.0,0.0,1.0,2.0,0.0,0.3535533905932738,-0.06265250632299733,-0.01587807391504919,0.46735331923470685,1
0.2962962962962963,0.0,-0.5,0.0,0.0,0.0,0.0,1.0,-0.14808978681160004,0.26088019101743515,-0.09638628498806628,0.24102060000878314,1
-0.8148148148148148,0.0,0.5,0.0,1.0,1.0,0.0,0.0,-0.2071067811865475,0.9087852081268322,-0.11271618955177176,0.0,1
-0.9629629629629629,0.0,-0.5,0.0,0.0,1.0,0.0,0.0,-0.7071067811865475,0.8705508772990954,-0.22924121528563757,0.46735331923470685,1
0.4444444444444444,0.0,0.5,0.0,1.0,0.0,0.0,0.0,0.08346263385554732,-0.4728280403882833,0.047198767993273605,0.8812781207847747,1
-1.1111111111111112,0.0,1.0,0.0,1.0,1.0,0.0,1.0,0.22830756550693782,0.8705508772990954,-0.7193488983540506,0.46735331923470685,1
1.1851851851851851,-1.0,0.0,0.0,0.0,1.0,2.0,0.0,-0.2071067811865475,0.2946521135756999,0.863096673602553,1.2508700694127537,1
0.2962962962962963,0.0,0.5,0.0,0.0,1.0,0.0,0.0,0.29289321881345254,0.12837971623412125,-0.4747546444616858,0.8812781207847747,1
-0.2962962962962963,0.0,0.5,0.0,0.0,1.0,0.0,0.0,-0.09473434549075296,-0.8341557626910597,-1.2211722786255452,-1.1463882316464475,1
0.7407407407407407,-1.0,0.5,-1.0,0.0,1.0,1.0,0.0,0.0,0.12837971623412125,2.040104351434461,0.46735331923470685,1
-0.14814814814814814,0.0,0.5,-1.0,0.0,-1.0,0.0,0.0,0.15891862259789108,-0.03145403161919022,-0.758543426534752,0.0,1
-1.037037037037037,-1.0,0.0,0.0,0.0,1.0,1.0,0.0,-0.7071067811865475,0.5027464061834663,-0.7388914321302913,-1.4901126006793648,1
0.7407407407407407,0.0,-0.5,0.0,0.0,1.0,0.0,1.0,-0.2071067811865475,-0.3890861603859673,-1.176524745177621,-0.5326466807652932,1
-0.8148148148148148,0.0,0.0,-1.0,0.0,1.0,0.0,0.0,-0.7071067811865475,1.2648968731178147,-0.34982790468170144,0.0,1
-0.07407407407407407,0.0,0.5,-1.0,0.0,-1.0,1.0,0.0,-0.14808978681160004,-0.03145403161919022,0.4864893926266709,-0.2572836500918517,1
-0.2962962962962963,0.0,1.0,-1.0,1.0,1.0,1.0,0.0,0.22830756550693782,-0.7854819713244069,-0.4566309355405719,-0.2572836500918517,1
-0.6666666666666666,-1.0,0.5,-1.0,1.0,-1.0,0.0,0.0,0.22830756550693782,0.22736737810583488,-1.176524745177621,0.5540874336201566,1
-0.07407407407407407,-1.0,0.5,0.0,0.0,1.0,0.0,0.0,-0.7071067811865475,0.5742013099314269,0.8875801375700788,0.24102060000878314,1
-0.07407407407407407,0.0,0.5,-1.0,0.0,1.0,0.0,1.0,0.29289321881345254,0.39752638367694143,-0.1291237879995187,0.8812781207847747,1
0.7407407407407407,-1.0,0.5,0.0,0.0,1.0,0.0,0.0,0.0,-0.1547186445415622,0.43108832768604066,1.0711323251741633,1
0.7407407407407407,-1.0,0.5,-1.0,0.0,1.0,0.0,0.0,0.0,-0.06265250632299733,1.5089235482363623,1.2508700694127537,1
-0.2962962962962963,-1.0,0.5,-1.0,0.0,1.0,1.0,0.0,0.2611390553653066,-0.33200615097038205,0.9360170209454473,0.46735331923470685,1
-0.5185185185185185,0.0,0.0,-1.0,0.0,0.0,0.0,0.0,-0.35355339059327373,0.9472853239445651,0.07830799838896828,0.0,1
-0.7407407407407407,0.0,-0.5,-1.0,1.0,0.0,0.0,0.0,0.6621996125763677,-0.1547186445415622,-0.5482069593202491,-1.5622113619067999,1
-0.14814814814814814,-1.0,-0.5,-1.0,0.0,0.0,0.0,0.0,-0.2071067811865475,-0.30308923423716716,0.36054171644656513,0.0,1
-1.1851851851851851,0.0,0.5,-1.0,0.0,1.0,0.0,0.0,-0.7071067811865475,1.0250843315191567,1.0887612168770031,0.46735331923470685,1
-0.2222222222222222,0.0,0.0,0.0,0.0,1.0,0.0,0.0,-0.35355339059327373,0.6467062700176827,1.1343866611158377,-0.5326466807652932,1
-0.8148148148148148,0.0,0.5,-1.0,0.0,1.0,0.0,0.0,-0.7071067811865475,0.9472853239445651,-0.08013337673361537,0.46735331923470685,1
-0.5925925925925926,0.0,0.5,-1.0,0.0,1.0,0.0,0.0,-0.7071067811865475,0.09589945159264232,0.2592539889989218,0.37849076567837153,1
-0.14814814814814814,-1.0,0.5,-1.0,0.0,1.0,0.0,-2.0,-0.7071067811865475,-1.0191734856818657,-0.402819281951295,-0.10086605695635215,1
-0.14814814814814814,-1.0,-0.5,-1.0,0.0,1.0,0.0,0.0,-0.7071067811865475,0.22736737810583488,-0.09638628498806628,0.37849076567837153,1
-0.2962962962962963,-1.0,0.5,-1.0,0.0,1.0,0.0,0.0,-0.14808978681160004,-0.12428440517338875,0.2445355683592038,0.0,1
0.8148148148148148,0.0,-0.5,-1.0,0.0,0.0,0.0,0.0,-0.2071067811865475,-0.06265250632299733,0.863096673602553,-0.5326466807652932,1
0.5185185185185185,0.0,0.5,0.0,0.0,0.0,3.0,1.0,0.3535533905932738,-0.21482575685440652,-0.1456097872673545,0.0,1
-0.8148148148148148,-1.0,0.5,0.0,0.0,0.0,0.0,0.0,-0.09473434549075296,0.7574390158003926,-2.080228152139821,-1.2806358962915092,1
0.5925925925925926,-1.0,0.5,-1.0,0.0,1.0,0.0,0.0,-0.7071067811865475,0.6467062700176827,0.18501936248845735,0.24102060000878314,1
-0.2222222222222222,0.0,0.0,0.0,0.0,1.0,1.0,0.0,0.0,0.1611175306675461,-0.6805876099022382,0.19403878455391144,1
-0.5185185185185185,0.0,-0.5,-1.0,0.0,1.0,0.0,0.0,-0.7071067811865475,1.1838873141099877,-0.29763331703761325,-0.4202042792816444,1
-0.7407407407407407,0.0,-0.5,-1.0,0.0,1.0,0.0,0.0,-0.7071067811865475,1.1437850723355594,0.3030320998774242,-0.8281955220435266,1
-1.5555555555555556,0.0,1.0,-1.0,0.0,1.0,0.0,0.0,-0.7071067811865475,0.7202642382755338,-1.0673035053530224,-0.6483148971451632,1
0.14814814814814814,-1.0,-0.5,-1.0,0.0,1.0,1.0,0.0,-0.7071067811865475,0.194113287663004,0.8753607462941093,-0.10086605695635215,1
1.1851851851851851,-1.0,0.5,-1.0,0.0,1.0,1.0,0.0,-0.7071067811865475,-0.6595221937122872,0.37476860718564753,-1.1463882316464475,1
-0.07407407407407407,0.0,0.0,0.0,0.0,1.0,0.0,1.0,-0.7071067811865475,0.09589945159264232,0.9480175774217043,-1.2806358962915092,1
-0.2222222222222222,0.0,1.0,-1.0,0.0,0.0,0.0,-1.0,-0.7071067811865475,1.3469821619207445,-0.9822892263633672,-0.6483148971451632,1
-1.037037037037037,0.0,0.0,0.0,0.0,0.0,0.0,-1.0,-0.7071067811865475,-0.6074184769321153,-0.6422505323340548,0.24102060000878314,1
0.2222222222222222,0.0,0.5,-1.0,0.0,1.0,0.0,0.0,-0.7071067811865475,0.39752638367694143,-0.4929731456559198,0.46735331923470685,1
-1.4814814814814814,-1.0,-0.5,0.0,0.0,1.0,0.0,0.0,0.22830756550693782,1.0250843315191567,-1.0458575821260987,0.37849076567837153,1
-0.2962962962962963,0.0,0.5,0.0,1.0,0.0,0.0,0.0,0.15891862259789108,-0.30308923423716716,-0.29763331703761325,-1.8627863483070908,1
-0.7407407407407407,-1.0,0.0,-1.0,0.0,0.0,0.0,0.0,-0.09473434549075296,0.7574390158003926,-0.09638628498806628,0.0,1
-0.8148148148148148,0.0,0.0,0.0,0.0,1.0,0.0,0.0,-0.7071067811865475,0.5742013099314269,-0.33234230774201584,-0.5326466807652932,1
0.5185185185185185,-1.0,-0.5,0.0,0.0,1.0,0.0,0.0,-0.7071067811865475,0.32868353113514615,-0.5296983332632804,-0.3108470254743164,1
-0.07407407407407407,0.0,0.5,-1.0,0.0,0.0,0.0,1.0,-0.2071067811865475,-0.18489895748597956,0.273909208975816,-0.5326466807652932,1
-0.2962962962962963,0.0,0.5,0.0,1.0,1.0,1.0,1.0,-0.7071067811865475,0.03170999105383798,-0.21235226834799587,-2.3540055238598336,1
-1.9259259259259258,0.0,0.0,-1.0,0.0,1.0,0.0,0.0,-0.7071067811865475,1.862235911439767,-0.6232383265598803,0.0,1
-0.2962962962962963,0.0,-0.5,-1.0,1.0,1.0,0.0,0.0,-0.7071067811865475,1.1838873141099877,0.3175007819672146,0.46735331923470685,1
-0.8888888888888888,-1.0,0.5,0.0,0.0,0.0,0.0,0.0,-0.35355339059327373,0.39752638367694143,-0.4566309355405719,-0.4202042792816444,1
0.0,-1.0,0.0,-1.0,0.0,0.0,0.0,0.0,0.22830756550693782,0.26088019101743515,0.1548682017138179,0.24102060000878314,1
-0.2962962962962963,0.0,0.5,-1.0,0.0,0.0,0.0,0.0,0.5176380902050416,0.43233858042761253,0.07830799838896828,-0.2572836500918517,1
0.2962962962962963,0.0,0.0,0.0,1.0,1.0,0.0,0.0,-0.7071067811865475,0.3629748272466616,-0.31494438966638405,0.46735331923470685,1
-0.2222222222222222,0.0,0.0,0.0,0.0,1.0,0.0,0.0,-0.7071067811865475,1.1039507270647972,-0.6043289116003401,-0.10086605695635215,1
0.2222222222222222,0.0,0.5,-1.0,1.0,0.0,0.0,1.0,-0.09473434549075296,0.03170999105383798,0.0,-1.4901126006793648,1
-1.037037037037037,0.0,0.5,0.0,0.0,1.0,0.0,0.0,-0.7071067811865475,0.9087852081268322,0.1548682017138179,-1.0162197393418124,1
-0.7407407407407407,0.0,0.0,-1.0,0.0,1.0,0.0,0.0,-0.7071067811865475,0.5742013099314269,0.9360170209454473,-0.10086605695635215,1
0.37037037037037035,-1.0,0.5,0.0,0.0,1.0,1.0,0.0,-0.7071067811865475,0.22736737810583488,1.054127549162591,-1.7099985039096337,1
-0.2222222222222222,0.0,1.0,0.0,0.0,0.0,0.0,1.0,0.15891862259789108,0.8705508772990954,0.8135872770580979,0.9584911335194162,1
-0.9629629629629629,-1.0,-0.5,-1.0,0.0,0.0,0.0,0.0,-0.09473434549075296,-0.8581280770445543,0.37476860718564753,-1.7099985039096337,1
0.8888888888888888,-1.0,0.5,-1.0,0.0,0.0,0.0,1.0,0.29289321881345254,0.22736737810583488,3.105782925422298,-0.8281955220435266,1
0.9629629629629629,0.0,0.5,0.0,0.0,1.0,1.0,1.0,0.08346263385554732,-0.06265250632299733,0.5409999216744538,-0.6483148971451632,1
-0.6666666666666666,0.0,0.0,0.0,0.0,1.0,0.0,1.0,-0.7071067811865475,0.09589945159264232,-0.758543426534752,-1.785750659215524,1
-0.07407407407407407,-1.0,0.5,0.0,0.0,0.0,0.0,0.0,0.29289321881345254,0.1611175306675461,-0.4386010841057408,-1.1463882316464475,1
0.2222222222222222,-1.0,-0.5,-1.0,0.0,0.0,0.0,0.0,0.08346263385554732,-0.8581280770445543,0.1244490933838884,-1.8627863483070908,1
-0.5185185185185185,0.0,0.5,0.0,0.0,1.0,2.0,0.0,-0.7071067811865475,0.7574390158003926,0.22975342602354715,-0.3108470254743164,1
0.14814814814814814,0.0,-0.5,0.0,1.0,1.0,0.0,1.0,-0.7071067811865475,0.5027464061834663,-0.5668142574990201,0.09826665625759562,1
-0.2222222222222222,0.0,0.5,0.0,0.0,1.0,4.0,0.0,-0.7071067811865475,0.5383427865339522,-0.2804082680696863,0.37849076567837153,1
-0.07407407407407407,-1.0,0.0,-1.0,1.0,1.0,1.0,0.0,-0.7071067811865475,0.194113287663004,0.6865272321497059,0.09826665625759562,1
-0.7407407407407407,-1.0,0.0,0.0,0.0,0.0,0.0,0.0,-0.7071067811865475,-0.4451639231830165,-1.5751424025755942,-1.0162197393418124,1
-0.14814814814814814,0.0,-0.5,-1.0,1.0,1.0,0.0,1.0,-0.7071067811865475,-1.1059305072429824,-0.22924121528563757,0.5540874336201566,1
0.5185185185185185,-1.0,-0.5,-1.0,0.0,0.0,0.0,0.0,0.15891862259789108,0.12837971623412125,1.8360473201700016,0.46735331923470685,1
-0.2222222222222222,0.0,-0.5,0.0,0.0,1.0,3.0,1.0,-0.4571067811865475,-0.18489895748597956,-0.11271618955177176,-1.2806358962915092,1
-0.8888888888888888,0.0,0.5,0.0,0.0,1.0,1.0,0.0,0.3826179546986208,0.2946521135756999,1.0191306393761685,0.0,1
-0.14814814814814814,0.0,0.5,-1.0,0.0,1.0,3.0,0.0,-0.7071067811865475,0.68335344465635,0.09375746641984539,0.0,1
-0.9629629629629629,0.0,1.0,-1.0,0.0,1.0,2.0,0.0,0.0,0.8705508772990954,0.06278863379306406,0.8022980831178765,1
0.2962962962962963,0.0,1.0,-1.0,0.0,-1.0,0.0,1.0,0.9130783934154177,-0.24449945763461345,0.4450235973569457,1.826127494768086,1
0.5925925925925926,-1.0,0.0,0.0,0.0,1.0,2.0,0.0,-0.7071067811865475,0.9087852081268322,-0.7981805096056347,0.46735331923470685,1
-0.9629629629629629,0.0,0.5,0.0,0.0,-1.0,0.0,1.0,0.0,1.5143908496085892,0.0,-0.5326466807652932,1
-0.37037037037037035,0.0,0.5,0.0,0.0,1.0,0.0,0.0,-0.7071067811865475,0.32868353113514615,-0.7783060549998586,-0.05010131425733,1
0.9629629629629629,-1.0,0.5,-1.0,0.0,0.0,0.0,0.0,0.2611390553653066,-1.0191734856818657,-0.4929731456559198,-0.5326466807652932,1
1.037037037037037,0.0,1.0,-1.0,0.0,0.0,1.0,0.0,-0.4571067811865475,-0.6335936343827913,-0.09638628498806628,1.2508700694127537,1
-0.7407407407407407,-1.0,-0.5,-1.0,1.0,0.0,0.0,0.0,-0.35355339059327373,-0.03145403161919022,-0.06395677641165061,0.37849076567837153,1
-0.37037037037037035,-1.0,0.0,0.0,0.0,1.0,0.0,0.0,0.12204941640230252,0.2946521135756999,0.06278863379306406,-0.5326466807652932,1
-0.37037037037037035,-1.0,-0.5,-1.0,0.0,1.0,0.0,0.0,-0.7071067811865475,0.194113287663004,0.21490703459875557,-1.1463882316464475,1
0.6666666666666666,-1.0,-0.5,0.0,1.0,1.0,0.0,0.0,-0.7071067811865475,0.03170999105383798,1.1343866611158377,1.883980095517528,1
0.14814814814814814,0.0,0.5,0.0,0.0,1.0,1.0,1.0,-0.35355339059327373,0.68335344465635,-2.5353544292786228,0.8812781207847747,1
0.6666666666666666,-1.0,0.5,0.0,0.0,1.0,0.0,1.0,-0.35355339059327373,-0.5809962708664441,0.9955939571667067,0.46735331923470685,1
-0.8888888888888888,0.0,-0.5,0.0,0.0,1.0,0.0,1.0,-0.7071067811865475,0.26088019101743515,-0.4929731456559198,-1.1463882316464475,1
0.0,0.0,0.0,0.0,0.0,1.0,0.0,0.0,-0.7071067811865475,0.06367634206705543,0.33190828591661936,0.0,1
-1.3333333333333333,-1.0,0.5,0.0,0.0,1.0,0.0,0.0,-0.7071067811865475,0.5742013099314269,-0.42066416890263714,-0.5326466807652932,1
-1.037037037037037,0.0,0.5,-1.0,0.0,0.0,0.0,0.0,0.4109272075633474,0.5027464061834663,-0.4386010841057408,0.0,1
0.07407407407407407,0.0,1.0,-1.0,0.0,0.0,0.0,1.0,0.3826179546986208,0.2946521135756999,-0.8382697611705534,-0.5326466807652932,1
-0.6666666666666666,-1.0,0.0,0.0,0.0,1.0,0.0,0.0,-0.7071067811865475,0.6467062700176827,-0.6232383265598803,-1.4901126006793648,1
-0.6666666666666666,-1.0,-0.5,-1.0,1.0,0.0,0.0,0.0,-0.7071067811865475,-0.03145403161919022,0.047198767993273605,0.37849076567837153,1
0.6666666666666666,-1.0,-0.5,0.0,0.0,0.0,2.0,0.0,0.4109272075633474,-0.8581280770445543,0.8753607462941093,0.0,1
0.2962962962962963,0.0,-0.5,-1.0,0.0,1.0,0.0,0.0,-0.7071067811865475,1.0250843315191567,0.4589019044074863,0.37849076567837153,1
-1.037037037037037,-1.0,0.5,-1.0,1.0,1.0,0.0,0.0,-0.7071067811865475,0.6467062700176827,0.4170956485303606,-1.0162197393418124,1
-0.07407407407407407,-1.0,0.5,-1.0,0.0,1.0,0.0,0.0,-0.7071067811865475,0.4674117957539593,0.4030451078359194,-1.2806358962915092,1
-1.1851851851851851,-1.0,0.5,0.0,0.0,1.0,0.0,0.0,-0.7071067811865475,0.9087852081268322,-0.7193488983540506,-2.3540055238598336,1
-1.5555555555555556,-1.0,0.0,0.0,0.0,1.0,0.0,0.0,-0.045668953420399845,1.4301459161426335,-0.5112873877064568,-0.6483148971451632,1
-0.5925925925925926,0.0,-0.5,0.0,0.0,1.0,0.0,0.0,-0.4571067811865475,-0.30308923423716716,-0.6232383265598803,-1.0162197393418124,1
0.8888888888888888,-1.0,0.5,0.0,0.0,1.0,1.0,0.0,-0.7071067811865475,0.6467062700176827,0.5409999216744538,0.9584911335194162,1
-0.2222222222222222,-1.0,0.5,-1.0,0.0,0.0,0.0,0.0,-0.4571067811865475,0.5383427865339522,-0.7783060549998586,0.2874155431471848,1
1.4074074074074074,-1.0,0.0,-1.0,1.0,1.0,1.0,0.0,-0.35355339059327373,-0.8818579701127348,0.43108832768604066,-0.5326466807652932,1
-0.07407407407407407,-1.0,0.5,0.0,0.0,1.0,1.0,0.0,-0.7071067811865475,0.32868353113514615,-0.6805876099022382,1.2508700694127537,1
-0.4444444444444444,-1.0,0.0,0.0,0.0,0.0,0.0,0.0,-0.7071067811865475,0.2946521135756999,0.4589019044074863,0.19403878455391144,1
-0.9629629629629629,0.0,0.0,0.0,0.0,1.0,0.0,0.0,-0.7071067811865475,0.2946521135756999,0.7759704524960812,-0.5326466807652932,1
-1.037037037037037,0.0,0.0,0.0,0.0,1.0,0.0,0.0,-0.7071067811865475,0.0,-0.08013337673361537,-1.1463882316464475,1
-1.037037037037037,-1.0,0.0,0.0,0.0,1.0,0.0,0.0,-0.7071067811865475,0.32868353113514615,0.9118861085916024,-0.20444252686189435,1
-0.4444444444444444,-1.0,-0.5,0.0,0.0,1.0,0.0,0.0,-0.7071067811865475,0.32868353113514615,0.43108832768604066,0.0,1
0.37037037037037035,-1.0,0.5,0.0,0.0,1.0,0.0,0.0,-0.7071067811865475,-1.397774532546963,-1.1544097284483794,-0.5326466807652932,1
0.5185185185185185,0.0,0.0,-1.0,0.0,1.0,0.0,0.0,-0.7071067811865475,-0.3890861603859673,-0.5482069593202491,-0.10086605695635215,1
0.14814814814814814,0.0,-0.5,0.0,1.0,0.0,0.0,-1.0,0.2611390553653066,-0.7607795521895874,-0.6805876099022382,-1.1463882316464475,1
0.6666666666666666,0.0,-0.5,0.0,1.0,0.0,1.0,1.0,-0.35355339059327373,-1.2289669665011347,0.34625510243445023,-0.10086605695635215,1
-0.2962962962962963,-1.0,0.5,-1.0,0.0,1.0,0.0,0.0,-0.09473434549075296,0.12837971623412125,0.7759704524960812,-0.5326466807652932,1
-0.8888888888888888,0.0,-0.5,0.0,0.0,0.0,0.0,0.0,0.15891862259789108,0.9860515803691612,0.8753607462941093,-0.8281955220435266,1
-0.9629629629629629,-1.0,0.5,0.0,0.0,0.0,0.0,0.0,-0.7071067811865475,0.68335344465635,-0.5296983332632804,-0.5326466807652932,1
0.8888888888888888,-1.0,-0.5,0.0,0.0,1.0,2.0,0.0,-0.2740940792943282,-0.33200615097038205,-0.2804082680696863,-1.4191697197107167,1
1.5555555555555556,-1.0,0.5,1.0,0.0,0.0,0.0,0.0,0.12204941640230252,-0.996887966760866,-0.758543426534752,0.46735331923470685,1
1.1111111111111112,0.0,0.0,-1.0,0.0,1.0,0.0,0.0,-0.7071067811865475,-0.30308923423716716,0.07830799838896828,1.1078611930540028,1
-0.8148148148148148,-1.0,0.5,0.0,0.0,0.0,1.0,0.0,-0.2740940792943282,-0.12428440517338875,0.03153778860481342,-0.6483148971451632,1
0.37037037037037035,-1.0,1.0,0.0,0.0,1.0,0.0,0.0,0.04289321881345247,0.6103223478277093,0.0,0.8812781207847747,1
-0.8148148148148148,0.0,0.5,0.0,0.0,1.0,0.0,0.0,-0.7071067811865475,0.5383427865339522,-0.22924121528563757,-0.5326466807652932,1
-0.9629629629629629,0.0,0.5,0.0,0.0,1.0,0.0,0.0,-0.7071067811865475,-0.093595828648342,-1.1105890200248663,0.0,1
0.8148148148148148,0.0,-0.5,-1.0,0.0,1.0,0.0,-1.0,0.49185109964163226,-0.4451639231830165,-0.19554540329868916,1.2508700694127537,1
1.1851851851851851,-1.0,-0.5,0.0,0.0,0.0,0.0,0.0,0.29289321881345254,-0.7854819713244069,-1.8588992660677992,-1.0162197393418124,1
0.6666666666666666,0.0,1.0,-1.0,0.0,0.0,0.0,1.0,-0.09473434549075296,0.06367634206705543,-0.21235226834799587,1.5832280894014723,1
0.8148148148148148,-1.0,0.5,-1.0,0.0,0.0,1.0,0.0,-0.7071067811865475,-0.03145403161919022,0.5544915827772817,0.7214858729370536,1
-1.1851851851851851,-1.0,0.5,0.0,0.0,0.0,0.0,0.0,-0.7071067811865475,-0.03145403161919022,-0.33234230774201584,0.37849076567837153,1
0.2222222222222222,-1.0,-0.5,0.0,0.0,0.0,0.0,0.0,-0.09473434549075296,-0.6335936343827913,-0.758543426534752,0.0,1
-0.5925925925925926,0.0,0.5,0.0,0.0,1.0,0.0,0.0,-0.7071067811865475,0.9087852081268322,0.19999586022855628,0.0,1
-1.4814814814814814,0.0,0.0,0.0,0.0,1.0,0.0,0.0,-0.7071067811865475,0.7202642382755338,-0.8584870391240957,-0.4202042792816444,1
0.2222222222222222,0.0,0.0,0.0,0.0,0.0,4.0,1.0,-0.2071067811865475,-0.2739204769802361,-0.33234230774201584,-0.2572836500918517,1
0.07407407407407407,0.0,0.0,-1.0,0.0,1.0,0.0,1.0,-0.7071067811865475,0.32868353113514615,-0.31494438966638405,0.0,1
0.07407407407407407,0.0,0.0,0.0,0.0,-1.0,0.0,0.0,-0.7071067811865475,0.5383427865339522,0.0,-0.5326466807652932,1
0.0,-1.0,0.0,0.0,0.0,1.0,0.0,0.0,0.15891862259789108,0.43233858042761253,1.321598857272356,0.09826665625759562,1
-1.037037037037037,0.0,0.0,0.0,0.0,1.0,0.0,0.0,-0.7071067811865475,1.0250843315191567,-1.6503392525854248,-0.5326466807652932,1
-1.2592592592592593,0.0,0.5,0.0,0.0,1.0,4.0,0.0,-0.7071067811865475,0.68335344465635,-1.2211722786255452,0.37849076567837153,1
-1.2592592592592593,0.0,0.5,0.0,0.0,1.0,4.0,0.0,-0.7071067811865475,0.68335344465635,-1.2211722786255452,0.37849076567837153,1
0.8888888888888888,0.0,-0.5,-1.0,1.0,0.0,3.0,0.0,0.2611390553653066,-1.168508170139213,0.6605298575868642,1.2508700694127537,0
0.8888888888888888,0.0,-0.5,-1.0,1.0,0.0,2.0,1.0,0.5676480972116488,-0.6852046080356095,-0.1788198638179529,-0.5326466807652932,0
0.5185185185185185,-1.0,-0.5,-1.0,0.0,-1.0,2.0,0.0,0.7928932188134525,0.22736737810583488,0.4170956485303606,0.46735331923470685,0
0.5925925925925926,0.0,-0.5,-1.0,0.0,0.0,1.0,1.0,0.22830756550693782,-0.18489895748597956,0.21490703459875557,0.0,0
-0.14814814814814814,0.0,-0.5,-1.0,1.0,-1.0,0.0,1.0,0.6848343095209579,0.06367634206705543,-0.6422505323340548,0.46735331923470685,0
0.07407407407407407,0.0,0.5,-1.0,1.0,0.0,1.0,-1.0,-0.09473434549075296,-0.33200615097038205,0.2445355683592038,0.0,0
-0.5185185185185185,0.0,0.0,0.0,0.0,-1.0,0.0,1.0,0.08346263385554732,0.5027464061834663,-0.1788198638179529,-1.1463882316464475,0
0.2222222222222222,0.0,0.0,-1.0,0.0,0.0,0.0,0.0,0.3535533905932738,0.22736737810583488,0.6343306438968657,-0.5326466807652932,0
0.2222222222222222,0.0,0.5,-1.0,0.0,1.0,2.0,1.0,0.7071067811865475,0.68335344465635,-0.263268432394084,0.09826665625759562,0
0.37037037037037035,0.0,-0.5,-1.0,1.0,0.0,2.0,1.0,0.5176380902050416,-0.6074184769321153,-0.5855212343399722,0.0,0
-1.1111111111111112,0.0,-0.5,-1.0,1.0,0.0,0.0,1.0,0.4109272075633474,-1.0412199970378746,-1.40558321253795,-1.1463882316464475,0
0.37037037037037035,0.0,-0.5,0.0,1.0,1.0,2.0,1.0,0.22830756550693782,0.22736737810583488,-0.16217490381931074,-0.7074050702031506,0
0.6666666666666666,0.0,0.5,0.0,0.0,1.0,0.0,0.0,-0.7071067811865475,0.1611175306675461,1.2457857450970684,0.46735331923470685,0
-0.8888888888888888,0.0,-0.5,-1.0,1.0,0.0,0.0,1.0,0.5428932188134525,-0.9053459202997333,-1.176524745177621,-0.5326466807652932,0
0.14814814814814814,0.0,-0.5,-1.0,1.0,0.0,1.0,-1.0,-0.09473434549075296,-1.0845980022970596,0.5274542871044946,0.8812781207847747,0
0.0,0.0,-0.5,0.0,1.0,0.0,1.0,1.0,0.15891862259789108,-0.6074184769321153,1.437332574302511,0.09826665625759562,0
0.7407407407407407,-1.0,-0.5,-1.0,0.0,0.0,3.0,1.0,0.08346263385554732,-1.0412199970378746,-0.24621301085108077,0.8812781207847747,0
0.4444444444444444,-1.0,-0.5,-1.0,0.0,1.0,0.0,0.0,-0.7071067811865475,0.5383427865339522,1.1905528832049572,0.0,0
0.2222222222222222,0.0,0.5,-1.0,0.0,0.0,1.0,1.0,0.5428932188134525,0.39752638367694143,-0.16217490381931074,-1.0162197393418124,0
-0.37037037037037035,0.0,-0.5,-1.0,0.0,0.0,0.0,1.0,0.5676480972116488,-0.7106413331245763,0.047198767993273605,0.8812781207847747,0
-0.8148148148148148,0.0,-0.5,-1.0,0.0,1.0,1.0,0.0,-0.7071067811865475,0.0,0.7123257081196613,-1.0162197393418124,0
0.37037037037037035,0.0,-0.5,0.0,1.0,1.0,1.0,1.0,0.22830756550693782,-0.2739204769802361,0.19999586022855628,0.0,0
-0.07407407407407407,0.0,-0.5,-1.0,1.0,0.0,1.0,1.0,0.4654971587693099,-1.1478850751978615,0.3889362482792059,-0.3108470254743164,0
-0.37037037037037035,0.0,0.5,0.0,0.0,0.0,1.0,1.0,-0.09473434549075296,0.32868353113514615,-0.11271618955177176,0.46735331923470685,0
-1.037037037037037,0.0,-0.5,-1.0,0.0,1.0,0.0,1.0,-0.7071067811865475,0.1611175306675461,-1.2892127343574606,-1.1463882316464475,0
-0.2962962962962963,-1.0,-0.5,0.0,1.0,0.0,0.0,1.0,0.15891862259789108,-0.33200615097038205,0.8997551563947015,0.0,0
0.2222222222222222,0.0,-0.5,-1.0,1.0,0.0,3.0,1.0,0.4654971587693099,-0.6335936343827913,-0.402819281951295,-0.10086605695635215,0
-0.07407407407407407,0.0,-0.5,0.0,0.0,0.0,1.0,1.0,0.22830756550693782,-1.0630280013024926,-0.9405370613425839,-0.5326466807652932,0
0.37037037037037035,0.0,-0.5,-1.0,1.0,0.0,2.0,1.0,0.6157688743457478,-0.33200615097038205,0.6079265859755267,0.6803714376683055,0
0.37037037037037035,0.0,0.5,-1.0,0.0,0.0,0.0,0.0,0.6621996125763677,0.06367634206705543,-1.0033519047620008,0.46735331923470685,0
0.2962962962962963,0.0,-0.5,-1.0,1.0,-1.0,0.0,1.0,0.7506311925247776,-0.3890861603859673,1.1456960174880495,1.5832280894014723,0
-0.6666666666666666,0.0,0.5,0.0,0.0,0.0,0.0,0.0,0.7928932188134525,-0.18489895748597956,-0.1456097872673545,0.8812781207847747,0
0.8888888888888888,0.0,-0.5,0.0,0.0,0.0,2.0,1.0,-0.35355339059327373,0.32868353113514615,0.21490703459875557,-0.2572836500918517,0
0.5185185185185185,0.0,-0.5,0.0,1.0,0.0,2.0,1.0,0.3535533905932738,-1.3435853899318864,0.4030451078359194,-0.5326466807652932,0
0.7407407407407407,0.0,-0.5,-1.0,0.0,1.0,2.0,-1.0,-0.09473434549075296,0.1611175306675461,0.1244490933838884,-1.1463882316464475,0
-0.8148148148148148,0.0,-0.5,-1.0,0.0,1.0,1.0,0.0,-0.7071067811865475,0.8325819743313813,-0.758543426534752,-1.1463882316464475,0
0.37037037037037035,0.0,-0.5,-1.0,1.0,0.0,1.0,1.0,0.6157688743457478,-0.3606716509913544,0.273909208975816,-0.2572836500918517,0
0.2222222222222222,0.0,-0.5,-1.0,1.0,1.0,0.0,1.0,0.0,-1.1059305072429824,0.4450235973569457,0.8812781207847747,0
0.9629629629629629,0.0,0.5,-1.0,1.0,0.0,0.0,1.0,0.29289321881345254,-0.093595828648342,0.5001994422752262,1.883980095517528,0
0.5185185185185185,-1.0,-0.5,-1.0,0.0,-1.0,3.0,1.0,1.261395187316405,-0.24449945763461345,-1.4772704056221586,1.2508700694127537,0
-0.2222222222222222,0.0,-0.5,0.0,1.0,1.0,1.0,1.0,-0.7071067811865475,0.26088019101743515,0.22975342602354715,-0.10086605695635215,0
0.2962962962962963,0.0,-0.5,-1.0,1.0,0.0,1.0,1.0,0.15891862259789108,-0.33200615097038205,-0.01587807391504919,-1.1463882316464475,0
0.37037037037037035,-1.0,-0.5,-1.0,0.0,0.0,2.0,1.0,0.5676480972116488,0.12837971623412125,0.273909208975816,0.8812781207847747,0
-0.4444444444444444,0.0,0.5,0.0,0.0,0.0,3.0,1.0,0.4109272075633474,-0.4172501075429677,-0.9405370613425839,-0.5326466807652932,0
0.2962962962962963,0.0,-0.5,0.0,1.0,1.0,1.0,1.0,-0.7071067811865475,0.2946521135756999,-1.176524745177621,0.46735331923470685,0
0.14814814814814814,0.0,0.5,-1.0,0.0,0.0,1.0,1.0,-0.2071067811865475,-0.093595828648342,-0.1788198638179529,-0.10086605695635215,0
0.4444444444444444,0.0,-0.5,0.0,1.0,0.0,1.0,1.0,0.7928932188134525,-0.3890861603859673,0.3030320998774242,-0.5326466807652932,0
-1.1851851851851851,0.0,-0.5,0.0,0.0,0.0,0.0,1.0,0.15891862259789108,-0.3890861603859673,-0.34982790468170144,-0.6483148971451632,0
0.4444444444444444,-1.0,-0.5,-1.0,1.0,0.0,0.0,1.0,0.08346263385554732,-0.21482575685440652,0.9239732968858871,0.6803714376683055,0
0.07407407407407407,0.0,-0.5,-1.0,1.0,0.0,1.0,0.0,0.15891862259789108,-0.2739204769802361,0.1396924240129495,-0.2572836500918517,0
-0.8888888888888888,-1.0,-0.5,-1.0,1.0,0.0,0.0,1.0,0.6621996125763677,-0.5002428946326551,1.3108740208507548,0.09826665625759562,0
0.5185185185185185,-1.0,0.5,0.0,0.0,0.0,1.0,1.0,0.15891862259789108,-1.3799411132750672,0.34625510243445023,0.0,0
0.5925925925925926,0.0,-0.5,-1.0,1.0,1.0,3.0,1.0,0.3535533905932738,-0.6074184769321153,1.1905528832049572,0.0,0
0.7407407407407407,0.0,-0.5,-1.0,0.0,0.0,1.0,1.0,0.6157688743457478,-0.735832827444149,0.21490703459875557,0.24102060000878314,0
-0.5185185185185185,0.0,-0.5,-1.0,1.0,1.0,2.0,1.0,-0.7071067811865475,-0.093595828648342,0.2445355683592038,0.0,0
0.5925925925925926,-1.0,-0.5,-1.0,0.0,0.0,3.0,1.0,0.8740320488976422,0.03170999105383798,1.9529528235909903,0.8812781207847747,0
0.0,0.0,-0.5,0.0,1.0,-1.0,0.0,1.0,1.1637219122004232,-1.1059305072429824,-0.3850655282945658,0.46735331923470685,0
0.7407407407407407,0.0,1.0,-1.0,0.0,0.0,1.0,0.0,0.22830756550693782,0.7202642382755338,0.6079265859755267,0.37849076567837153,0
0.07407407407407407,-1.0,-0.5,-1.0,1.0,-1.0,2.0,1.0,0.8740320488976422,-0.5809962708664441,0.6865272321497059,2.4079177955668976,0
-0.07407407407407407,0.0,-0.5,0.0,1.0,0.0,1.0,1.0,0.6157688743457478,-0.7607795521895874,-0.01587807391504919,-1.1463882316464475,0
1.1111111111111112,0.0,-0.5,0.0,1.0,-1.0,0.0,1.0,0.5676480972116488,-0.7854819713244069,-1.243708152568702,0.6803714376683055,0
0.5185185185185185,0.0,0.0,-1.0,0.0,0.0,1.0,1.0,0.22830756550693782,-1.2681027213850726,0.5946467832140666,-0.5326466807652932,0
-1.4814814814814814,0.0,-0.5,0.0,1.0,0.0,0.0,1.0,0.29289321881345254,-0.6595221937122872,-0.7388914321302913,-0.5326466807652932,0
0.2962962962962963,0.0,1.0,-1.0,0.0,0.0,0.0,1.0,-0.35355339059327373,0.194113287663004,0.6865272321497059,1.5832280894014723,0
0.6666666666666666,0.0,0.5,0.0,1.0,0.0,0.0,1.0,0.3535533905932738,-0.6335936343827913,0.9480175774217043,-0.2572836500918517,0
-0.5925925925925926,0.0,0.5,0.0,0.0,1.0,0.0,0.0,-0.7071067811865475,-0.03145403161919022,0.047198767993273605,-1.2806358962915092,0
0.14814814814814814,0.0,-0.5,-1.0,0.0,0.0,3.0,1.0,0.08346263385554732,-0.8099405516191571,0.6994511511474216,1.4213220152714148,0
0.0,0.0,-0.5,-1.0,1.0,0.0,1.0,1.0,0.0,-0.24449945763461345,0.6994511511474216,1.2508700694127537,0
0.6666666666666666,0.0,-0.5,-1.0,1.0,-1.0,1.0,0.0,0.4654971587693099,-1.397774532546963,0.09375746641984539,-0.5326466807652932,0
1.1111111111111112,0.0,-0.5,-1.0,0.0,0.0,3.0,0.0,0.5176380902050416,-1.1478850751978615,1.1002262875889242,0.0,0
-0.2962962962962963,0.0,-0.5,0.0,1.0,1.0,0.0,1.0,0.29289321881345254,0.68335344465635,0.8260332293792783,0.46735331923470685,0
0.2222222222222222,0.0,-0.5,-1.0,0.0,1.0,2.0,1.0,-0.7071067811865475,0.6103223478277093,0.8384332321552286,-0.2572836500918517,0
0.37037037037037035,0.0,-0.5,-1.0,0.0,0.0,2.0,1.0,0.15891862259789108,0.5742013099314269,0.7506567656457379,0.46735331923470685,0
1.6296296296296295,0.0,-0.5,-1.0,1.0,1.0,3.0,0.0,-0.7071067811865475,0.2946521135756999,0.8875801375700788,-0.2572836500918517,0
-1.4814814814814814,0.0,-0.5,-1.0,1.0,1.0,0.0,1.0,-0.7071067811865475,0.09589945159264232,0.6079265859755267,-0.20444252686189435,0
1.1111111111111112,0.0,0.5,0.0,1.0,0.0,1.0,1.0,0.6391844205970784,-1.0845980022970596,0.43108832768604066,1.2508700694127537,0
0.2962962962962963,-1.0,-0.5,0.0,1.0,0.0,0.0,0.0,-0.7071067811865475,-0.30308923423716716,0.1396924240129495,1.7070467634394557,0
0.6666666666666666,0.0,-0.5,-1.0,0.0,0.0,2.0,-1.0,0.4109272075633474,-0.6074184769321153,-0.4747546444616858,0.6803714376683055,0
0.14814814814814814,0.0,-0.5,0.0,1.0,0.0,1.0,1.0,0.15891862259789108,-1.5322514218470014,0.5001994422752262,0.9584911335194162,0
0.07407407407407407,0.0,-0.5,-1.0,1.0,0.0,1.0,-1.0,0.43853714255241255,-1.2289669665011347,-1.0245408734195038,0.09826665625759562,0
-0.5185185185185185,0.0,-0.5,-1.0,0.0,0.0,0.0,1.0,-0.14808978681160004,0.43233858042761253,0.5001994422752262,-0.3108470254743164,0
0.07407407407407407,-1.0,-0.5,-1.0,1.0,0.0,2.0,1.0,0.3826179546986208,-0.093595828648342,1.9705712472571104,0.19403878455391144,0
0.8148148148148148,0.0,0.0,0.0,1.0,0.0,3.0,-1.0,-0.7071067811865475,-0.9053459202997333,0.09375746641984539,1.2508700694127537,0
-0.07407407407407407,0.0,0.0,-1.0,0.0,1.0,1.0,1.0,-0.7071067811865475,1.5569196007660446,0.6211544108575422,2.2094701885577064,0
1.037037037037037,0.0,0.5,-1.0,0.0,0.0,3.0,1.0,0.4109272075633474,-0.21482575685440652,0.21490703459875557,0.46735331923470685,0
-0.2962962962962963,0.0,-0.5,0.0,1.0,0.0,3.0,1.0,0.9130783934154177,-0.8581280770445543,0.8135872770580979,0.46735331923470685,0
-0.8888888888888888,0.0,-0.5,-1.0,1.0,0.0,4.0,1.0,-0.4571067811865475,-0.30308923423716716,0.10913763490769944,0.09826665625759562,0
0.5185185185185185,-1.0,-0.5,0.0,0.0,0.0,3.0,0.0,0.3826179546986208,-1.2090485888660687,0.7633374144341794,0.37849076567837153,0
0.8888888888888888,0.0,-0.5,-1.0,1.0,0.0,2.0,0.0,0.04289321881345247,-0.7854819713244069,0.8260332293792783,-1.8627863483070908,0
0.2962962962962963,0.0,1.0,-1.0,0.0,1.0,0.0,0.0,-0.7071067811865475,-0.7854819713244069,0.4864893926266709,1.2508700694127537,0
-0.7407407407407407,0.0,-0.5,-1.0,1.0,0.0,3.0,1.0,-0.7071067811865475,-0.18489895748597956,0.9480175774217043,0.5540874336201566,0
0.2222222222222222,0.0,-0.5,-1.0,1.0,0.0,2.0,1.0,0.6621996125763677,-0.6595221937122872,0.28850174306397725,-0.10086605695635215,0
-0.37037037037037035,0.0,-0.5,-1.0,1.0,0.0,0.0,1.0,0.04289321881345247,-0.7607795521895874,-0.6999146700375245,0.6387730045167931,0
0.5185185185185185,-1.0,-0.5,0.0,1.0,0.0,0.0,0.0,0.22830756550693782,0.03170999105383798,0.06278863379306406,0.8812781207847747,0
-1.2592592592592593,0.0,1.0,0.0,1.0,0.0,0.0,1.0,0.8339967195556964,1.0250843315191567,-0.1456097872673545,-0.5326466807652932,0
0.8148148148148148,-1.0,-0.5,0.0,1.0,0.0,2.0,1.0,0.08346263385554732,0.39752638367694143,-0.19554540329868916,1.826127494768086,0
-0.2222222222222222,0.0,-0.5,0.0,0.0,1.0,1.0,0.0,-0.7071067811865475,0.22736737810583488,-0.16217490381931074,-1.0162197393418124,0
-0.14814814814814814,0.0,-0.5,0.0,1.0,0.0,2.0,1.0,0.4109272075633474,-1.4153790819987504,0.6079265859755267,-0.3651484699786189,0
0.5925925925925926,-1.0,-0.5,0.0,1.0,0.0,2.0,0.0,0.3535533905932738,0.5383427865339522,0.43108832768604066,-1.2806358962915092,0
-0.07407407407407407,0.0,-0.5,-1.0,1.0,0.0,1.0,0.0,-0.7071067811865475,-1.168508170139213,-0.5855212343399722,-1.1463882316464475,0
0.8148148148148148,0.0,-0.5,-1.0,1.0,1.0,1.0,0.0,-0.4571067811865475,-0.6074184769321153,-0.4747546444616858,-1.0162197393418124,0
0.0,-1.0,-0.5,1.0,1.0,0.0,0.0,0.0,0.7506311925247776,-0.9743629430979491,1.156967072795778,1.883980095517528,0
-0.4444444444444444,0.0,0.5,-1.0,0.0,1.0,3.0,0.0,0.0,-0.7607795521895874,-1.8588992660677992,-0.6483148971451632,0
-0.07407407407407407,0.0,-0.5,-1.0,1.0,0.0,2.0,0.0,0.7071067811865475,-0.996887966760866,0.6605298575868642,-0.4202042792816444,0
0.07407407407407407,0.0,-0.5,-1.0,1.0,-1.0,0.0,1.0,0.29289321881345254,-1.2681027213850726,0.6211544108575422,0.0,0
-0.6666666666666666,0.0,-0.5,-1.0,0.0,1.0,0.0,1.0,0.0,-0.2739204769802361,0.1396924240129495,-0.5326466807652932,0
0.4444444444444444,0.0,1.0,0.0,0.0,0.0,2.0,0.0,0.5676480972116488,-0.24449945763461345,-0.09638628498806628,0.19403878455391144,0
0.8888888888888888,0.0,-0.5,0.0,0.0,0.0,0.0,0.0,0.08346263385554732,-1.7707963314942619,-0.04785580468381288,-0.5326466807652932,0
0.2222222222222222,0.0,-0.5,0.0,0.0,1.0,1.0,1.0,-0.4571067811865475,0.09589945159264232,-0.09638628498806628,-1.8627863483070908,0
-0.5925925925925926,0.0,-0.5,-1.0,1.0,0.0,1.0,0.0,0.08346263385554732,-0.951597920763009,0.5138542664129342,-1.1463882316464475,0
-0.2222222222222222,0.0,-0.5,0.0,0.0,1.0,2.0,1.0,0.08346263385554732,0.5027464061834663,-0.4747546444616858,-0.2572836500918517,0
0.2222222222222222,0.0,-0.5,0.0,0.0,0.0,1.0,1.0,0.4109272075633474,-1.2289669665011347,-0.36740202575239245,0.7214858729370536,0
0.14814814814814814,0.0,0.0,0.0,0.0,1.0,0.0,1.0,-0.2740940792943282,-0.3606716509913544,0.3175007819672146,-0.3108470254743164,0
0.2222222222222222,-1.0,0.0,-1.0,0.0,1.0,2.0,0.0,-0.7071067811865475,-0.03145403161919022,1.065712109786766,0.2874155431471848,0
0.4444444444444444,0.0,-0.5,-1.0,1.0,0.0,1.0,0.0,0.7928932188134525,-0.7854819713244069,-1.4293196001953468,0.37849076567837153,0
-0.9629629629629629,0.0,-0.5,0.0,1.0,0.0,0.0,-1.0,0.3535533905932738,-0.7854819713244069,1.0191306393761685,0.2874155431471848,0
-0.2222222222222222,0.0,-0.5,0.0,1.0,0.0,0.0,-2.0,0.08346263385554732,0.09589945159264232,-0.6232383265598803,-0.10086605695635215,0
0.2962962962962963,0.0,0.5,0.0,0.0,0.0,1.0,-1.0,0.4654971587693099,-0.554326568278331,-0.36740202575239245,-0.20444252686189435,0
-1.1111111111111112,0.0,-0.5,0.0,0.0,1.0,0.0,1.0,-0.7071067811865475,0.9860515803691612,-0.2804082680696863,0.9584911335194162,0
0.4444444444444444,0.0,-0.5,-1.0,1.0,1.0,1.0,1.0,0.3826179546986208,-0.4451639231830165,-0.5668142574990201,0.46735331923470685,0
-0.6666666666666666,0.0,-0.5,0.0,1.0,0.0,2.0,1.0,0.3535533905932738,-0.9053459202997333,0.9718903593868418,0.46735331923470685,0
0.2962962962962963,0.0,1.0,0.0,0.0,1.0,2.0,0.0,0.0,0.2946521135756999,-0.6232383265598803,0.19403878455391144,0
0.14814814814814814,0.0,0.0,-1.0,0.0,1.0,1.0,0.0,-0.7071067811865475,0.3629748272466616,-0.1291237879995187,1.0339991347906514,0
0.14814814814814814,0.0,-0.5,0.0,1.0,0.0,1.0,1.0,0.6621996125763677,-0.30308923423716716,1.2457857450970684,-1.1463882316464475,0
0.0,-1.0,-0.5,1.0,1.0,0.0,1.0,1.0,0.4109272075633474,-0.6595221937122872,-0.6043289116003401,-0.10086605695635215,0
0.4444444444444444,0.0,-0.5,0.0,0.0,1.0,1.0,1.0,-0.7071067811865475,0.26088019101743515,-0.6422505323340548,0.8022980831178765,0
0.2222222222222222,0.0,-0.5,1.0,0.0,-1.0,3.0,-1.0,0.9512056139911527,-0.3890861603859673,1.054127549162591,-0.8899368940951567,0
0.2222222222222222,-1.0,-0.5,-1.0,1.0,0.0,2.0,-1.0,0.6157688743457478,-0.21482575685440652,-0.24621301085108077,1.5832280894014723,0
0.8888888888888888,0.0,0.5,-1.0,0.0,0.0,0.0,1.0,0.0,-0.093595828648342,-0.4747546444616858,0.9584911335194162,0
-0.8148148148148148,0.0,-0.5,0.0,1.0,-1.0,0.0,-1.0,0.6157688743457478,-0.2739204769802361,-1.3585784951908808,-0.5326466807652932,0
0.5925925925925926,0.0,-0.5,-1.0,1.0,1.0,2.0,1.0,0.8740320488976422,-0.2739204769802361,-0.9613514125712356,0.46735331923470685,0
0.5925925925925926,-1.0,-0.5,0.0,1.0,0.0,0.0,0.0,-0.7071067811865475,-0.5002428946326551,-0.758543426534752,-0.3108470254743164,0
0.2962962962962963,0.0,-0.5,-1.0,0.0,0.0,2.0,-1.0,0.08346263385554732,-1.4999890519996317,-1.1987783739698077,1.3879377718204096,0
0.14814814814814814,-1.0,-0.5,0.0,1.0,0.0,0.0,1.0,-0.35355339059327373,-0.8341557626910597,0.015805075365245256,0.46735331923470685,0
-0.7407407407407407,0.0,1.0,0.0,0.0,0.0,0.0,1.0,0.15891862259789108,-0.6074184769321153,0.36054171644656513,-1.1463882316464475,0
0.9629629629629629,0.0,-0.5,0.0,0.0,0.0,2.0,1.0,0.7506311925247776,-0.3606716509913544,-0.8382697611705534,0.6387730045167931,0
0.14814814814814814,0.0,-0.5,0.0,1.0,0.0,1.0,1.0,0.15891862259789108,-1.0191734856818657,-2.3772748194730817,0.0,0
0.14814814814814814,-1.0,0.0,-1.0,0.0,0.0,1.0,0.0,-0.7071067811865475,0.7202642382755338,-0.06395677641165061,0.0,0
